2025-04-01 05:00:01    Transform Matrix for prim /World/UR10/ee_link:
[[-2.83989826e-06 -2.24831746e-04 -9.99999975e-01  0.00000000e+00]
 [-4.43960769e-05  9.99999974e-01 -2.24831620e-04  0.00000000e+00]
 [ 9.99999999e-01  4.43954373e-05 -2.84987984e-06  0.00000000e+00]
 [-1.66532934e-01  3.57635498e-01  1.28175676e+00  1.00000000e+00]]
2025-04-01 05:00:01    Position difference: 1.2313, Orientation difference (rad): 3.1415
2025-04-01 05:00:02    Transform Matrix for prim /World/UR10/ee_link:
[[-2.87703877e-04 -4.38314246e-03 -9.99990353e-01  0.00000000e+00]
 [ 1.45997405e-03  9.99989326e-01 -4.38355800e-03  0.00000000e+00]
 [ 9.99998893e-01 -1.46122113e-03 -2.81301532e-04  0.00000000e+00]
 [-1.65405273e-01  3.56525958e-01  1.27990186e+00  1.00000000e+00]]
2025-04-01 05:00:02    Position difference: 1.2290, Orientation difference (rad): 3.1375
2025-04-01 05:00:02    Transform Matrix for prim /World/UR10/ee_link:
[[-0.00743071 -0.01417377 -0.99987194  0.        ]
 [ 0.00643042  0.99987819 -0.01422165  0.        ]
 [ 0.99995172 -0.00653528 -0.00733866  0.        ]
 [-0.16162027  0.35240149  1.27551699  1.        ]]
2025-04-01 05:00:02    Position difference: 1.2229, Orientation difference (rad): 3.1270
2025-04-01 05:00:02    Transform Matrix for prim /World/UR10/ee_link:
[[-0.0202143  -0.02477387 -0.99948869  0.        ]
 [ 0.01201544  0.99961474 -0.02502     0.        ]
 [ 0.99972347 -0.01251506 -0.01990885  0.        ]
 [-0.15739965  0.34767598  1.27058852  1.        ]]
2025-04-01 05:00:02    Position difference: 1.2160, Orientation difference (rad): 3.1153
2025-04-01 05:00:02    Transform Matrix for prim /World/UR10/ee_link:
[[-0.03524631 -0.03533281 -0.99875387  0.        ]
 [ 0.01775189  0.99919501 -0.03597489  0.        ]
 [ 0.99922098 -0.01899775 -0.03459071  0.        ]
 [-0.15307678  0.34285867  1.26551604  1.        ]]
2025-04-01 05:00:02    Position difference: 1.2090, Orientation difference (rad): 3.1034
2025-04-01 05:00:02    Transform Matrix for prim /World/UR10/ee_link:
[[-0.05101886 -0.04560624 -0.99765583  0.        ]
 [ 0.02351907  0.99862487 -0.04685327  0.        ]
 [ 0.99842072 -0.02585434 -0.04987608  0.        ]
 [-0.14869632  0.33800212  1.26043606  1.        ]]
2025-04-01 05:00:02    Position difference: 1.2019, Orientation difference (rad): 3.0914
2025-04-01 05:00:02    Transform Matrix for prim /World/UR10/ee_link:
[[-0.06686974 -0.05557036 -0.99621302  0.        ]
 [ 0.02926663  0.99790897 -0.05762945  0.        ]
 [ 0.99733239 -0.03300947 -0.06510356  0.        ]
 [-0.14427102  0.33312112  1.25536048  1.        ]]
2025-04-01 05:00:02    Position difference: 1.1949, Orientation difference (rad): 3.0795
2025-04-01 05:00:02    Transform Matrix for prim /World/UR10/ee_link:
[[-0.0825078  -0.06520094 -0.99445528  0.        ]
 [ 0.03496698  0.99705375 -0.06827244  0.        ]
 [ 0.99597679 -0.04040611 -0.07998483  0.        ]
 [-0.1398108   0.32822096  1.25030339  1.        ]]
2025-04-01 05:00:02    Position difference: 1.1878, Orientation difference (rad): 3.0676
2025-04-01 05:00:03    Transform Matrix for prim /World/UR10/ee_link:
[[-0.09780824 -0.07449283 -0.99241341  0.        ]
 [ 0.04060791  0.99606547 -0.07876911  0.        ]
 [ 0.99437646 -0.04800411 -0.09439841  0.        ]
 [-0.13532193  0.32330379  1.24526906  1.        ]]
2025-04-01 05:00:03    Position difference: 1.1808, Orientation difference (rad): 3.0559
2025-04-01 05:00:03    Transform Matrix for prim /World/UR10/ee_link:
[[-0.11271866 -0.08344605 -0.99011679  0.        ]
 [ 0.04618307  0.99495042 -0.08911108  0.        ]
 [ 0.99255309 -0.05577112 -0.10829569  0.        ]
 [-0.13080919  0.31837016  1.24025941  1.        ]]
2025-04-01 05:00:03    Position difference: 1.1738, Orientation difference (rad): 3.0442
2025-04-01 05:00:03    Transform Matrix for prim /World/UR10/ee_link:
[[-0.12721782 -0.09206314 -0.98759304  0.        ]
 [ 0.0516904   0.99371481 -0.09929236  0.        ]
 [ 0.990527   -0.06368083 -0.12165945  0.        ]
 [-0.12627652  0.31342086  1.23527682  1.        ]]
2025-04-01 05:00:03    Position difference: 1.1669, Orientation difference (rad): 3.0327
2025-04-01 05:00:03    Transform Matrix for prim /World/UR10/ee_link:
[[-0.14130028 -0.10035054 -0.9848675   0.        ]
 [ 0.05713002  0.99236449 -0.10931095  0.        ]
 [ 0.98831695 -0.07171117 -0.13448835  0.        ]
 [-0.12172675  0.30845591  1.2303201   1.        ]]
2025-04-01 05:00:03    Position difference: 1.1600, Orientation difference (rad): 3.0213
2025-04-01 05:00:03    Transform Matrix for prim /World/UR10/ee_link:
[[-0.15496661 -0.10831106 -0.98196439  0.        ]
 [ 0.06250345  0.99090562 -0.11916113  0.        ]
 [ 0.9859405  -0.07984216 -0.14678747  0.        ]
 [-0.11716227  0.30347681  1.22539175  1.        ]]
2025-04-01 05:00:03    Position difference: 1.1531, Orientation difference (rad): 3.0101
2025-04-01 05:00:03    Transform Matrix for prim /World/UR10/ee_link:
[[-0.16822052 -0.11594985 -0.97890627  0.        ]
 [ 0.0678116   0.98934424 -0.12883932  0.        ]
 [ 0.98341418 -0.08805462 -0.15856526  0.        ]
 [-0.11258573  0.29848492  1.22049284  1.        ]]
2025-04-01 05:00:03    Position difference: 1.1462, Orientation difference (rad): 2.9990
2025-04-01 05:00:03    Transform Matrix for prim /World/UR10/ee_link:
[[-0.18106839 -0.12327375 -0.97571401  0.        ]
 [ 0.07305622  0.98768608 -0.13834375  0.        ]
 [ 0.9807533  -0.09633166 -0.16983281  0.        ]
 [-0.10799944  0.29348013  1.21562457  1.        ]]
2025-04-01 05:00:03    Position difference: 1.1394, Orientation difference (rad): 2.9880
2025-04-01 05:00:04    Transform Matrix for prim /World/UR10/ee_link:
[[-0.193516   -0.13029177 -0.97240712  0.        ]
 [ 0.07823962  0.98593647 -0.1476748   0.        ]
 [ 0.97797245 -0.1046582  -0.1806005   0.        ]
 [-0.10340554  0.28846347  1.21078742  1.        ]]
2025-04-01 05:00:04    Position difference: 1.1327, Orientation difference (rad): 2.9772
2025-04-01 05:00:04    Transform Matrix for prim /World/UR10/ee_link:
[[-0.20557151 -0.13701147 -0.96900372  0.        ]
 [ 0.08336251  0.98410093 -0.15683126  0.        ]
 [ 0.97508515 -0.11301862 -0.1908815   0.        ]
 [-0.09880716  0.28343469  1.20598233  1.        ]]
2025-04-01 05:00:04    Position difference: 1.1260, Orientation difference (rad): 2.9665
2025-04-01 05:00:04    Transform Matrix for prim /World/UR10/ee_link:
[[-0.21724373 -0.14344458 -0.96551997  0.        ]
 [ 0.08842681  0.98218409 -0.16581651  0.        ]
 [ 0.97210383 -0.12140045 -0.20068899  0.        ]
 [-0.09420604  0.27839461  1.20120823  1.        ]]
2025-04-01 05:00:04    Position difference: 1.1193, Orientation difference (rad): 2.9559
2025-04-01 05:00:04    Transform Matrix for prim /World/UR10/ee_link:
[[-0.22854028 -0.1495985  -0.96197174  0.        ]
 [ 0.09343393  0.98019114 -0.1746294   0.        ]
 [ 0.96904047 -0.12979065 -0.21003558  0.        ]
 [-0.08960526  0.27334315  1.19646811  1.        ]]
2025-04-01 05:00:04    Position difference: 1.1127, Orientation difference (rad): 2.9455
2025-04-01 05:00:04    Transform Matrix for prim /World/UR10/ee_link:
[[-0.23947109 -0.15548647 -0.95837235  0.        ]
 [ 0.09838508  0.97812608 -0.18327506  0.        ]
 [ 0.96590578 -0.13817862 -0.21893537  0.        ]
 [-0.08500664  0.26828122  1.19175899  1.        ]]
2025-04-01 05:00:04    Position difference: 1.1061, Orientation difference (rad): 2.9353
2025-04-01 05:00:04    Transform Matrix for prim /World/UR10/ee_link:
[[-0.25004403 -0.16111788 -0.95473505  0.        ]
 [ 0.10328122  0.97599342 -0.19175461  0.        ]
 [ 0.96271022 -0.14655329 -0.22740088  0.        ]
 [-0.08041315  0.26320902  1.18708348  1.        ]]
2025-04-01 05:00:04    Position difference: 1.0996, Orientation difference (rad): 2.9252
2025-04-01 05:00:04    Transform Matrix for prim /World/UR10/ee_link:
[[-0.26027057 -0.16650425 -0.95107075  0.        ]
 [ 0.10812405  0.97379685 -0.20007221  0.        ]
 [ 0.95946257 -0.15490653 -0.23544755  0.        ]
 [-0.07582604  0.25812748  1.18244064  1.        ]]
2025-04-01 05:00:04    Position difference: 1.0932, Orientation difference (rad): 2.9152
2025-04-01 05:00:05    Transform Matrix for prim /World/UR10/ee_link:
[[-0.27015863 -0.17165788 -0.94739004  0.        ]
 [ 0.11291349  0.97153998 -0.20823212  0.        ]
 [ 0.95617198 -0.16322882 -0.24308742  0.        ]
 [-0.07124806  0.2530376   1.17782998  1.        ]]
2025-04-01 05:00:05    Position difference: 1.0868, Orientation difference (rad): 2.9054
2025-04-01 05:00:05    Transform Matrix for prim /World/UR10/ee_link:
[[-0.27971909 -0.17658785 -0.94370226  0.        ]
 [ 0.1176508   0.96922655 -0.21623642  0.        ]
 [ 0.95284601 -0.17151278 -0.25033547  0.        ]
 [-0.06668075  0.24793968  1.1732533   1.        ]]
2025-04-01 05:00:05    Position difference: 1.0804, Orientation difference (rad): 2.8957
2025-04-01 05:00:05    Transform Matrix for prim /World/UR10/ee_link:
[[-0.28896121 -0.18130679 -0.94001557  0.        ]
 [ 0.1223367   0.9668594  -0.22409069  0.        ]
 [ 0.94949205 -0.17975192 -0.25720438  0.        ]
 [-0.06212604  0.24283479  1.16870904  1.        ]]
2025-04-01 05:00:05    Position difference: 1.0741, Orientation difference (rad): 2.8861
2025-04-01 05:00:05    Transform Matrix for prim /World/UR10/ee_link:
[[-0.29789438 -0.18582363 -0.93633782  0.        ]
 [ 0.12697169  0.96444199 -0.23179697  0.        ]
 [ 0.94611687 -0.18793941 -0.26370751  0.        ]
 [-0.0575861   0.23772295  1.16419947  1.        ]]
2025-04-01 05:00:05    Position difference: 1.0679, Orientation difference (rad): 2.8767
2025-04-01 05:00:05    Transform Matrix for prim /World/UR10/ee_link:
[[-0.30652939 -0.19015243 -0.93267453  0.        ]
 [ 0.13155499  0.96197646 -0.23936284  0.        ]
 [ 0.94272637 -0.19606973 -0.26985856  0.        ]
 [-0.05306301  0.23260514  1.15972197  1.        ]]
2025-04-01 05:00:05    Position difference: 1.0618, Orientation difference (rad): 2.8674
2025-04-01 05:00:05    Transform Matrix for prim /World/UR10/ee_link:
[[-0.31487694 -0.19430344 -0.92903105  0.        ]
 [ 0.13608755  0.9594652  -0.24679285  0.        ]
 [ 0.93932566 -0.20413894 -0.27567118  0.        ]
 [-0.04855852  0.22748154  1.15527773  1.        ]]
2025-04-01 05:00:05    Position difference: 1.0557, Orientation difference (rad): 2.8583
2025-04-01 05:00:05    Transform Matrix for prim /World/UR10/ee_link:
[[-0.32294581 -0.19828659 -0.92541257  0.        ]
 [ 0.14056819  0.95691097 -0.25409048  0.        ]
 [ 0.93592018 -0.21214103 -0.2811576   0.        ]
 [-0.04407508  0.22235274  1.15086615  1.        ]]
2025-04-01 05:00:05    Position difference: 1.0497, Orientation difference (rad): 2.8492
2025-04-01 05:00:05    Transform Matrix for prim /World/UR10/ee_link:
[[-0.33074649 -0.20211442 -0.92182239  0.        ]
 [ 0.14499684  0.95431524 -0.26126298  0.        ]
 [ 0.93251417 -0.22007315 -0.28633047  0.        ]
 [-0.03961411  0.21721955  1.1464864   1.        ]]
2025-04-01 05:00:05    Position difference: 1.0437, Orientation difference (rad): 2.8403
2025-04-01 05:00:06    Transform Matrix for prim /World/UR10/ee_link:
[[-0.33828902 -0.2057954  -0.91826401  0.        ]
 [ 0.14937323  0.95168032 -0.26831364  0.        ]
 [ 0.9291115  -0.22793162 -0.29120268  0.        ]
 [-0.03517738  0.21208264  1.14213979  1.        ]]
2025-04-01 05:00:06    Position difference: 1.0379, Orientation difference (rad): 2.8315
2025-04-01 05:00:06    Transform Matrix for prim /World/UR10/ee_link:
[[-0.34560411 -0.20933768 -0.91473249  0.        ]
 [ 0.15369182  0.94900818 -0.27524953  0.        ]
 [ 0.92570872 -0.23571427 -0.29580763  0.        ]
 [-0.03076652  0.20694122  1.13782096  1.        ]]
2025-04-01 05:00:06    Position difference: 1.0320, Orientation difference (rad): 2.8228
2025-04-01 05:00:06    Transform Matrix for prim /World/UR10/ee_link:
[[-0.35278919 -0.2127071  -0.91120551  0.        ]
 [ 0.15794562  0.94630832 -0.28205273  0.        ]
 [ 0.92227597 -0.24342608 -0.30025119  0.        ]
 [-0.0263772   0.20178451  1.13353252  1.        ]]
2025-04-01 05:00:06    Position difference: 1.0263, Orientation difference (rad): 2.8142
2025-04-01 05:00:06    Transform Matrix for prim /World/UR10/ee_link:
[[-0.35990509 -0.21589017 -0.90766721  0.        ]
 [ 0.16213118  0.94358551 -0.2887211   0.        ]
 [ 0.91879367 -0.25107335 -0.3045987   0.        ]
 [-0.02200703  0.19660892  1.12927032  1.        ]]
2025-04-01 05:00:06    Position difference: 1.0206, Orientation difference (rad): 2.8058
2025-04-01 05:00:06    Transform Matrix for prim /World/UR10/ee_link:
[[-0.36697515 -0.21888151 -0.90411289  0.        ]
 [ 0.1662493   0.94084349 -0.29525362  0.        ]
 [ 0.91525429 -0.25865888 -0.30887728  0.        ]
 [-0.01765541  0.19141239  1.12503386  1.        ]]
2025-04-01 05:00:06    Position difference: 1.0150, Orientation difference (rad): 2.7975
2025-04-01 05:00:06    Transform Matrix for prim /World/UR10/ee_link:
[[-0.37400869 -0.22168058 -0.90054163  0.        ]
 [ 0.17029929  0.93808589 -0.3016505   0.        ]
 [ 0.91165545 -0.26618151 -0.31310023  0.        ]
 [-0.01332342  0.18619561  1.1208235   1.        ]]
2025-04-01 05:00:06    Position difference: 1.0094, Orientation difference (rad): 2.7893
2025-04-01 05:00:06    Transform Matrix for prim /World/UR10/ee_link:
[[-0.38100605 -0.22429041 -0.89695496  0.        ]
 [ 0.17428163  0.93531552 -0.30791362  0.        ]
 [ 0.90799797 -0.27363972 -0.31727117  0.        ]
 [-0.00901208  0.18095879  1.11663938  1.        ]]
2025-04-01 05:00:06    Position difference: 1.0039, Orientation difference (rad): 2.7813
2025-04-01 05:00:07    Transform Matrix for prim /World/UR10/ee_link:
[[-0.38796698 -0.2267139  -0.89335459  0.        ]
 [ 0.17819547  0.93253562 -0.3140441   0.        ]
 [ 0.90428314 -0.28103048 -0.32139364  0.        ]
 [-0.00472306  0.17570269  1.11248267  1.        ]]
2025-04-01 05:00:07    Position difference: 0.9985, Orientation difference (rad): 2.7734
2025-04-01 05:00:07    Transform Matrix for prim /World/UR10/ee_link:
[[-3.94889256e-01 -2.28956173e-01 -8.89742404e-01  0.00000000e+00]
 [ 1.82041573e-01  9.29748285e-01 -3.20045296e-01  0.00000000e+00]
 [ 9.00512821e-01 -2.88352556e-01 -3.25468067e-01  0.00000000e+00]
 [-4.57564835e-04  1.70428008e-01  1.10835195e+00  1.00000000e+00]]
2025-04-01 05:00:07    Position difference: 0.9931, Orientation difference (rad): 2.7657
2025-04-01 05:00:07    Transform Matrix for prim /World/UR10/ee_link:
[[-0.40177098 -0.23102206 -0.88612013  0.        ]
 [ 0.18581938  0.926956   -0.32591983  0.        ]
 [ 0.89668904 -0.29560342 -0.32949565  0.        ]
 [ 0.00378287  0.16513532  1.10424864  1.        ]]
2025-04-01 05:00:07    Position difference: 0.9879, Orientation difference (rad): 2.7580
2025-04-01 05:00:07    Transform Matrix for prim /World/UR10/ee_link:
[[-0.40860956 -0.2329162  -0.88248981  0.        ]
 [ 0.18952874  0.92416118 -0.33166997  0.        ]
 [ 0.89281414 -0.3027807  -0.33347678  0.        ]
 [ 0.00799663  0.15982546  1.10017204  1.        ]]
2025-04-01 05:00:07    Position difference: 0.9826, Orientation difference (rad): 2.7506
2025-04-01 05:00:07    Transform Matrix for prim /World/UR10/ee_link:
[[-0.41540404 -0.23464439 -0.87885237  0.        ]
 [ 0.19316888  0.92136575 -0.33729947  0.        ]
 [ 0.88888991 -0.30988249 -0.33741306  0.        ]
 [ 0.01218221  0.15449911  1.09612226  1.        ]]
2025-04-01 05:00:07    Position difference: 0.9775, Orientation difference (rad): 2.7432
2025-04-01 05:00:07    Transform Matrix for prim /World/UR10/ee_link:
[[-0.42215199 -0.23621159 -0.87520956  0.        ]
 [ 0.19673905  0.91857205 -0.34281063  0.        ]
 [ 0.88491889 -0.31690609 -0.34130498  0.        ]
 [ 0.01633806  0.14915787  1.09209955  1.        ]]
2025-04-01 05:00:07    Position difference: 0.9724, Orientation difference (rad): 2.7360
2025-04-01 05:00:07    Transform Matrix for prim /World/UR10/ee_link:
[[-0.42885327 -0.2376221  -0.87156217  0.        ]
 [ 0.20023884  0.91578218 -0.34820599  0.        ]
 [ 0.88090254 -0.32384987 -0.34515501  0.        ]
 [ 0.02046272  0.14380208  1.08810329  1.        ]]
2025-04-01 05:00:07    Position difference: 0.9674, Orientation difference (rad): 2.7289
2025-04-01 05:00:08    Transform Matrix for prim /World/UR10/ee_link:
[[-0.43550524 -0.2388805  -0.86791203  0.        ]
 [ 0.20366808  0.91299832 -0.35348745  0.        ]
 [ 0.87684349 -0.33071162 -0.34896322  0.        ]
 [ 0.02455512  0.13843286  1.08413458  1.        ]]
2025-04-01 05:00:08    Position difference: 0.9625, Orientation difference (rad): 2.7219
2025-04-01 05:00:08    Transform Matrix for prim /World/UR10/ee_link:
[[-0.44210894 -0.23999171 -0.86425902  0.        ]
 [ 0.20702431  0.91022279 -0.35865778  0.        ]
 [ 0.87274316 -0.33748844 -0.35273352  0.        ]
 [ 0.02861298  0.1330518   1.08019328  1.        ]]
2025-04-01 05:00:08    Position difference: 0.9577, Orientation difference (rad): 2.7151
2025-04-01 05:00:08    Transform Matrix for prim /World/UR10/ee_link:
[[-0.44866579 -0.24095978 -0.86060292  0.        ]
 [ 0.21030686  0.90745744 -0.3637197   0.        ]
 [ 0.86860234 -0.34417928 -0.35646962  0.        ]
 [ 0.03263579  0.1276595   1.07627833  1.        ]]
2025-04-01 05:00:08    Position difference: 0.9529, Orientation difference (rad): 2.7084
2025-04-01 05:00:08    Transform Matrix for prim /World/UR10/ee_link:
[[-0.45517866 -0.24178459 -0.85694376  0.        ]
 [ 0.21351399  0.90470597 -0.36867178  0.        ]
 [ 0.86442129 -0.35078101 -0.36017846  0.        ]
 [ 0.03662263  0.12225659  1.07239079  1.        ]]
2025-04-01 05:00:08    Position difference: 0.9482, Orientation difference (rad): 2.7018
2025-04-01 05:00:08    Transform Matrix for prim /World/UR10/ee_link:
[[-0.46165758 -0.24246593 -0.85327753  0.        ]
 [ 0.21664038  0.90197235 -0.37351416  0.        ]
 [ 0.8601972  -0.35729001 -0.36387446  0.        ]
 [ 0.04057268  0.11684394  1.06852913  1.        ]]
2025-04-01 05:00:08    Position difference: 0.9436, Orientation difference (rad): 2.6954
2025-04-01 05:00:08    Transform Matrix for prim /World/UR10/ee_link:
[[-0.46811939 -0.24299405 -0.8495988   0.        ]
 [ 0.21968039  0.89926356 -0.37824011  0.        ]
 [ 0.85592334 -0.36370173 -0.36758168  0.        ]
 [ 0.04448646  0.11142085  1.06469262  1.        ]]
2025-04-01 05:00:08    Position difference: 0.9391, Orientation difference (rad): 2.6891
2025-04-01 05:00:08    Transform Matrix for prim /World/UR10/ee_link:
[[-0.47459955 -0.24334774 -0.84589429  0.        ]
 [ 0.2226187   0.89659233 -0.38283561  0.        ]
 [ 0.85158451 -0.3700055  -0.37134856  0.        ]
 [ 0.04836465  0.1059863   1.06087899  1.        ]]
2025-04-01 05:00:08    Position difference: 0.9347, Orientation difference (rad): 2.6830
2025-04-01 05:00:08    Transform Matrix for prim /World/UR10/ee_link:
[[-0.48115918 -0.24348258 -0.84214136  0.        ]
 [ 0.22543169  0.89398067 -0.38727138  0.        ]
 [ 0.84715193 -0.37618453 -0.37525832  0.        ]
 [ 0.05221054  0.10053597  1.05708444  1.        ]]
2025-04-01 05:00:08    Position difference: 0.9303, Orientation difference (rad): 2.6771
2025-04-01 05:00:09    Transform Matrix for prim /World/UR10/ee_link:
[[-0.48790951 -0.24331515 -0.83829711  0.        ]
 [ 0.22807756  0.89146667 -0.39149432  0.        ]
 [ 0.84257043 -0.38221056 -0.37946035  0.        ]
 [ 0.0560318   0.09506085  1.0533011   1.        ]]
2025-04-01 05:00:09    Position difference: 0.9260, Orientation difference (rad): 2.6715
2025-04-01 05:00:09    Transform Matrix for prim /World/UR10/ee_link:
[[-0.49503297 -0.24269464 -0.83429112  0.        ]
 [ 0.23048389  0.88911937 -0.39540349  0.        ]
 [ 0.8377467  -0.38802843 -0.3842062   0.        ]
 [ 0.0598412   0.08954614  1.04951811  1.        ]]
2025-04-01 05:00:09    Position difference: 0.9217, Orientation difference (rad): 2.6663
2025-04-01 05:00:09    Transform Matrix for prim /World/UR10/ee_link:
[[-0.50282587 -0.24138177 -0.8300006   0.        ]
 [ 0.23253239  0.88704712 -0.39884345  0.        ]
 [ 0.83252317 -0.39355083 -0.38990116  0.        ]
 [ 0.06366094  0.08396269  1.04570997  1.        ]]
2025-04-01 05:00:09    Position difference: 0.9175, Orientation difference (rad): 2.6617
2025-04-01 05:00:09    Transform Matrix for prim /World/UR10/ee_link:
[[-0.51170843 -0.23899911 -0.82524779  0.        ]
 [ 0.23404367  0.88542703 -0.40155017  0.        ]
 [ 0.82666683 -0.39862063 -0.39714425  0.        ]
 [ 0.06752738  0.07827265  1.04184949  1.        ]]
2025-04-01 05:00:09    Position difference: 0.9133, Orientation difference (rad): 2.6582
2025-04-01 05:00:09    Transform Matrix for prim /World/UR10/ee_link:
[[-0.52223609 -0.23504423 -0.8197705   0.        ]
 [ 0.23476698  0.88450226 -0.40316277  0.        ]
 [ 0.81984994 -0.4030012  -0.40673837  0.        ]
 [ 0.07148971  0.07241629  1.03788686  1.        ]]
2025-04-01 05:00:09    Position difference: 0.9090, Orientation difference (rad): 2.6562
2025-04-01 05:00:09    Transform Matrix for prim /World/UR10/ee_link:
[[-0.535009   -0.22891302 -0.81324301  0.        ]
 [ 0.23439664  0.88458479 -0.40319717  0.        ]
 [ 0.81167948 -0.40633555 -0.41960438  0.        ]
 [ 0.07561043  0.06633186  1.03376806  1.        ]]
2025-04-01 05:00:09    Position difference: 0.9046, Orientation difference (rad): 2.6564
2025-04-01 05:00:09    Transform Matrix for prim /World/UR10/ee_link:
[[-0.550538   -0.21996832 -0.80530854  0.        ]
 [ 0.23268966  0.88599553 -0.40108285  0.        ]
 [ 0.80172528 -0.40819832 -0.43658986  0.        ]
 [ 0.07997485  0.05993344  1.02944672  1.        ]]
2025-04-01 05:00:09    Position difference: 0.9000, Orientation difference (rad): 2.6595
2025-04-01 05:00:10    Transform Matrix for prim /World/UR10/ee_link:
[[-0.57139957 -0.20548242 -0.794531    0.        ]
 [ 0.23001067  0.8892463  -0.39539361  0.        ]
 [ 0.78778018 -0.40867835 -0.46085181  0.        ]
 [ 0.08439295  0.05342709  1.02496111  1.        ]]
2025-04-01 05:00:10    Position difference: 0.8954, Orientation difference (rad): 2.6667
2025-04-01 05:00:10    Transform Matrix for prim /World/UR10/ee_link:
[[-0.6040491  -0.17205986 -0.77815171  0.        ]
 [ 0.2326457   0.895815   -0.37867066  0.        ]
 [ 0.76223399 -0.40976933 -0.50108726  0.        ]
 [ 0.08851618  0.04937832  1.02341163  1.        ]]
2025-04-01 05:00:10    Position difference: 0.8931, Orientation difference (rad): 2.6824
2025-04-01 05:00:10    Transform Matrix for prim /World/UR10/ee_link:
[[-0.63932409 -0.13298813 -0.7573499   0.        ]
 [ 0.24050794  0.90092785 -0.361227    0.        ]
 [ 0.73035652 -0.41308979 -0.54400017  0.        ]
 [ 0.09272229  0.04508987  1.02127147  1.        ]]
2025-04-01 05:00:10    Position difference: 0.8905, Orientation difference (rad): 2.6970
2025-04-01 05:00:10    Transform Matrix for prim /World/UR10/ee_link:
[[-0.6721048  -0.09127051 -0.73480938  0.        ]
 [ 0.25227343  0.90477695 -0.34312795  0.        ]
 [ 0.69615605 -0.41599083 -0.58507981  0.        ]
 [ 0.09722379  0.04092386  1.01940489  1.        ]]
2025-04-01 05:00:10    Position difference: 0.8879, Orientation difference (rad): 2.7114
2025-04-01 05:00:10    Transform Matrix for prim /World/UR10/ee_link:
[[-0.70117863 -0.04868336 -0.71132163  0.        ]
 [ 0.26702042  0.90712827 -0.32529738  0.        ]
 [ 0.66109653 -0.41802897 -0.62305951  0.        ]
 [ 0.10208911  0.03676004  1.0176754   1.        ]]
2025-04-01 05:00:10    Position difference: 0.8854, Orientation difference (rad): 2.7251
2025-04-01 05:00:10    Transform Matrix for prim /World/UR10/ee_link:
[[-0.72660336 -0.00535625 -0.68703629  0.        ]
 [ 0.2843889   0.90793946 -0.30784557  0.        ]
 [ 0.62543626 -0.41906712 -0.6581886   0.        ]
 [ 0.10731159  0.03263724  1.0161078   1.        ]]
2025-04-01 05:00:10    Position difference: 0.8830, Orientation difference (rad): 2.7383
2025-04-01 05:00:10    Transform Matrix for prim /World/UR10/ee_link:
[[-0.74825128  0.03824669 -0.66231202  0.        ]
 [ 0.30392145  0.90717585 -0.29097033  0.        ]
 [ 0.58970481 -0.41900976 -0.69041948  0.        ]
 [ 0.11291884  0.02854341  1.01471186  1.        ]]
2025-04-01 05:00:10    Position difference: 0.8807, Orientation difference (rad): 2.7510
2025-04-01 05:00:11    Transform Matrix for prim /World/UR10/ee_link:
[[-0.76593214  0.08134935 -0.63775406  0.        ]
 [ 0.32501718  0.90486645 -0.27491915  0.        ]
 [ 0.55471776 -0.41785044 -0.71950623  0.        ]
 [ 0.11895104  0.0244372   1.01348734  1.        ]]
2025-04-01 05:00:11    Position difference: 0.8784, Orientation difference (rad): 2.7631
2025-04-01 05:00:11    Transform Matrix for prim /World/UR10/ee_link:
[[-0.77946427  0.12299588 -0.61425358  0.        ]
 [ 0.34705493  0.90109359 -0.25996774  0.        ]
 [ 0.521525   -0.41581529 -0.74505658  0.        ]
 [ 0.12546611  0.02011422  1.01243651  1.        ]]
2025-04-01 05:00:11    Position difference: 0.8762, Orientation difference (rad): 2.7744
2025-04-01 05:00:11    Transform Matrix for prim /World/UR10/ee_link:
[[-0.79119676  0.16470941 -0.58896392  0.        ]
 [ 0.37050351  0.89529145 -0.24734666  0.        ]
 [ 0.48655404 -0.41391307 -0.76937711  0.        ]
 [ 0.13203074  0.01545225  1.01044428  1.        ]]
2025-04-01 05:00:11    Position difference: 0.8733, Orientation difference (rad): 2.7840
2025-04-01 05:00:11    Transform Matrix for prim /World/UR10/ee_link:
[[-0.79987457  0.205508   -0.56388575  0.        ]
 [ 0.3946358   0.88796657 -0.23617357  0.        ]
 [ 0.45217613 -0.41143874 -0.79136269  0.        ]
 [ 0.13892239  0.01059192  1.00826097  1.        ]]
2025-04-01 05:00:11    Position difference: 0.8702, Orientation difference (rad): 2.7926
2025-04-01 05:00:11    Transform Matrix for prim /World/UR10/ee_link:
[[-0.80600024  0.24254199 -0.53994166  0.        ]
 [ 0.41795166  0.87913565 -0.2289911   0.        ]
 [ 0.41914201 -0.4102364  -0.80995437  0.        ]
 [ 0.14590941  0.0047926   1.00460589  1.        ]]
2025-04-01 05:00:11    Position difference: 0.8661, Orientation difference (rad): 2.7980
2025-04-01 05:00:11    Transform Matrix for prim /World/UR10/ee_link:
[[-0.80884268  0.27028849 -0.52222375  0.        ]
 [ 0.4361929   0.87137399 -0.22459544  0.        ]
 [ 0.39434663 -0.40945267 -0.8227024   0.        ]
 [ 0.15274023 -0.00137929  1.00012624  1.        ]]
2025-04-01 05:00:11    Position difference: 0.8613, Orientation difference (rad): 2.8012
2025-04-01 05:00:11    Transform Matrix for prim /World/UR10/ee_link:
[[-0.80944423  0.28779842 -0.51183211  0.        ]
 [ 0.44761582  0.86658445 -0.2206161   0.        ]
 [ 0.38005278 -0.40768057 -0.83027491  0.        ]
 [ 0.1583682  -0.00738086  0.99608147  1.        ]]
2025-04-01 05:00:11    Position difference: 0.8574, Orientation difference (rad): 2.8045
2025-04-01 05:00:12    Transform Matrix for prim /World/UR10/ee_link:
[[-0.81046776  0.29441088 -0.50642299  0.        ]
 [ 0.45052435  0.86582484 -0.21765837  0.        ]
 [ 0.37439261 -0.40456098 -0.83436238  0.        ]
 [ 0.16121763 -0.01290973  0.99168813  1.        ]]
2025-04-01 05:00:12    Position difference: 0.8539, Orientation difference (rad): 2.8080
2025-04-01 05:00:12    Transform Matrix for prim /World/UR10/ee_link:
[[-0.81278551  0.29488748 -0.50241526  0.        ]
 [ 0.44739247  0.86832859 -0.21411547  0.        ]
 [ 0.37312156 -0.39880675 -0.83769533  0.        ]
 [ 0.16212587 -0.01778525  0.98685867  1.        ]]
2025-04-01 05:00:12    Position difference: 0.8504, Orientation difference (rad): 2.8134
2025-04-01 05:00:12    Transform Matrix for prim /World/UR10/ee_link:
[[-0.81640485  0.29285292 -0.49771507  0.        ]
 [ 0.44042001  0.873215   -0.20862833  0.        ]
 [ 0.37351485 -0.38952886 -0.84187525  0.        ]
 [ 0.16209061 -0.02220495  0.98159099  1.        ]]
2025-04-01 05:00:12    Position difference: 0.8467, Orientation difference (rad): 2.8219
2025-04-01 05:00:12    Transform Matrix for prim /World/UR10/ee_link:
[[-0.82106705  0.2900811  -0.49163184  0.        ]
 [ 0.4310138   0.87972943 -0.20075663  0.        ]
 [ 0.37426729 -0.37673476 -0.8473458   0.        ]
 [ 0.16176833 -0.0263046   0.97598904  1.        ]]
2025-04-01 05:00:12    Position difference: 0.8427, Orientation difference (rad): 2.8338
2025-04-01 05:00:12    Transform Matrix for prim /World/UR10/ee_link:
[[-0.82620129  0.28728401 -0.48462288  0.        ]
 [ 0.42072269  0.88672235 -0.1916139   0.        ]
 [ 0.37467833 -0.36220349 -0.85347805  0.        ]
 [ 0.16121396 -0.03015054  0.97020805  1.        ]]
2025-04-01 05:00:12    Position difference: 0.8386, Orientation difference (rad): 2.8473
2025-04-01 05:00:12    Transform Matrix for prim /World/UR10/ee_link:
[[-0.83165797  0.28458981 -0.47681616  0.        ]
 [ 0.41005518  0.89376486 -0.18176667  0.        ]
 [ 0.37443259 -0.34668863 -0.8600042   0.        ]
 [ 0.16045454 -0.0338087   0.9642663   1.        ]]
2025-04-01 05:00:12    Position difference: 0.8344, Orientation difference (rad): 2.8616
2025-04-01 05:00:12    Transform Matrix for prim /World/UR10/ee_link:
[[-0.83738982  0.28197318 -0.46826213  0.        ]
 [ 0.3991235   0.9007441  -0.17134906  0.        ]
 [ 0.37346851 -0.33038038 -0.86681606  0.        ]
 [ 0.15958774 -0.03729624  0.95823926  1.        ]]
2025-04-01 05:00:12    Position difference: 0.8301, Orientation difference (rad): 2.8766
2025-04-01 05:00:12    Transform Matrix for prim /World/UR10/ee_link:
[[-0.84336199  0.27927009 -0.45907382  0.        ]
 [ 0.38793406  0.90759617 -0.16055017  0.        ]
 [ 0.37181678 -0.31349228 -0.87377049  0.        ]
 [ 0.15862362 -0.04063806  0.95218408  1.        ]]
2025-04-01 05:00:12    Position difference: 0.8258, Orientation difference (rad): 2.8920
2025-04-01 05:00:13    Transform Matrix for prim /World/UR10/ee_link:
[[-0.84948814  0.27634926 -0.4494452   0.        ]
 [ 0.3764845   0.91429432 -0.14941657  0.        ]
 [ 0.36963403 -0.29613675 -0.8807234   0.        ]
 [ 0.1576046  -0.04381943  0.94622946  1.        ]]
2025-04-01 05:00:13    Position difference: 0.8216, Orientation difference (rad): 2.9077
2025-04-01 05:00:13    Transform Matrix for prim /World/UR10/ee_link:
[[-0.85569836  0.27307515 -0.43955691  0.        ]
 [ 0.36474686  0.92082323 -0.13800114  0.        ]
 [ 0.36706953 -0.27841435 -0.88755023  0.        ]
 [ 0.15658216 -0.04683679  0.94048947  1.        ]]
2025-04-01 05:00:13    Position difference: 0.8176, Orientation difference (rad): 2.9236
2025-04-01 05:00:13    Transform Matrix for prim /World/UR10/ee_link:
[[-0.8619753   0.26927918 -0.42951987  0.        ]
 [ 0.35265626  0.92716963 -0.12645168  0.        ]
 [ 0.36418697 -0.2604711  -0.89416031  0.        ]
 [ 0.15559913 -0.04971389  0.93502837  1.        ]]
2025-04-01 05:00:13    Position difference: 0.8139, Orientation difference (rad): 2.9396
2025-04-01 05:00:13    Transform Matrix for prim /World/UR10/ee_link:
[[-0.8683762   0.26474257 -0.41932583  0.        ]
 [ 0.34011112  0.93331735 -0.11507891  0.        ]
 [ 0.36089779 -0.24254917 -0.90051246  0.        ]
 [ 0.15468125 -0.05250658  0.92984962  1.        ]]
2025-04-01 05:00:13    Position difference: 0.8103, Orientation difference (rad): 2.9555
2025-04-01 05:00:13    Transform Matrix for prim /World/UR10/ee_link:
[[-0.87499234  0.25930817 -0.40883699  0.        ]
 [ 0.32707263  0.93922708 -0.10428798  0.        ]
 [ 0.35694805 -0.22497057 -0.9066291   0.        ]
 [ 0.15386695 -0.0552772   0.9249326   1.        ]]
2025-04-01 05:00:13    Position difference: 0.8070, Orientation difference (rad): 2.9707
2025-04-01 05:00:13    Transform Matrix for prim /World/UR10/ee_link:
[[-0.88191055  0.25293309 -0.39781734  0.        ]
 [ 0.31360984  0.94483752 -0.09450355  0.        ]
 [ 0.35196967 -0.20810311 -0.91258449  0.        ]
 [ 0.15322781 -0.05806765  0.92024428  1.        ]]
2025-04-01 05:00:13    Position difference: 0.8039, Orientation difference (rad): 2.9849
2025-04-01 05:00:13    Transform Matrix for prim /World/UR10/ee_link:
[[-0.88919442  0.24566568 -0.38598142  0.        ]
 [ 0.2998572   0.95009234 -0.08608257  0.        ]
 [ 0.34557045 -0.19228345 -0.91848143  0.        ]
 [ 0.15288737 -0.0609232   0.91573179  1.        ]]
2025-04-01 05:00:13    Position difference: 0.8009, Orientation difference (rad): 2.9979
2025-04-01 05:00:14    Transform Matrix for prim /World/UR10/ee_link:
[[-0.89685525  0.23761617 -0.3730807   0.        ]
 [ 0.28595749  0.95496378 -0.07919909  0.        ]
 [ 0.33745957 -0.17771534 -0.9244124   0.        ]
 [ 0.15302996 -0.06384307  0.91136283  1.        ]]
2025-04-01 05:00:14    Position difference: 0.7979, Orientation difference (rad): 3.0093
2025-04-01 05:00:14    Transform Matrix for prim /World/UR10/ee_link:
[[-0.90484889  0.22890952 -0.35895531  0.        ]
 [ 0.27201358  0.95945685 -0.07383199  0.        ]
 [ 0.32750129 -0.16444751 -0.93042997  0.        ]
 [ 0.15375485 -0.06682688  0.90709168  1.        ]]
2025-04-01 05:00:14    Position difference: 0.7949, Orientation difference (rad): 3.0192
2025-04-01 05:00:14    Transform Matrix for prim /World/UR10/ee_link:
[[-0.91278565  0.21990627 -0.3441854   0.        ]
 [ 0.25813874  0.96364812 -0.06889624  0.        ]
 [ 0.3165229  -0.15173508 -0.9363705   0.        ]
 [ 0.15524271 -0.06977185  0.90328503  1.        ]]
2025-04-01 05:00:14    Position difference: 0.7920, Orientation difference (rad): 3.0285
2025-04-01 05:00:14    Transform Matrix for prim /World/UR10/ee_link:
[[-0.920429    0.21080278 -0.32920001  0.        ]
 [ 0.24438915  0.96758191 -0.06371172  0.        ]
 [ 0.30509737 -0.13909503 -0.94210836  0.        ]
 [ 0.15755224 -0.07263085  0.90001255  1.        ]]
2025-04-01 05:00:14    Position difference: 0.7894, Orientation difference (rad): 3.0379
2025-04-01 05:00:14    Transform Matrix for prim /World/UR10/ee_link:
[[-0.92767834  0.20167612 -0.31422866  0.        ]
 [ 0.23080905  0.97126696 -0.05803164  0.        ]
 [ 0.29349632 -0.12636151 -0.94757199  0.        ]
 [ 0.16051216 -0.07548521  0.8971855   1.        ]]
2025-04-01 05:00:14    Position difference: 0.7870, Orientation difference (rad): 3.0475
2025-04-01 05:00:14    Transform Matrix for prim /World/UR10/ee_link:
[[-0.93450685  0.19254968 -0.29936861  0.        ]
 [ 0.21745231  0.97469067 -0.05189021  0.        ]
 [ 0.28180035 -0.11359015 -0.95272548  0.        ]
 [ 0.16397971 -0.07841055  0.89469719  1.        ]]
2025-04-01 05:00:14    Position difference: 0.7847, Orientation difference (rad): 3.0574
2025-04-01 05:00:14    Transform Matrix for prim /World/UR10/ee_link:
[[-0.94089322  0.18345866 -0.28471542  0.        ]
 [ 0.20441142  0.97782975 -0.04544181  0.        ]
 [ 0.27006651 -0.10095497 -0.95753442  0.        ]
 [ 0.16783158 -0.08144704  0.89246726  1.        ]]
2025-04-01 05:00:14    Position difference: 0.7827, Orientation difference (rad): 3.0672
2025-04-01 05:00:15    Transform Matrix for prim /World/UR10/ee_link:
[[-0.94681502  0.17444355 -0.27039001  0.        ]
 [ 0.1917908   0.98066437 -0.03890617  0.        ]
 [ 0.25837492 -0.08869526 -0.96196442  0.        ]
 [ 0.17192519 -0.08457312  0.89043045  1.        ]]
2025-04-01 05:00:15    Position difference: 0.7808, Orientation difference (rad): 3.0769
2025-04-01 05:00:15    Transform Matrix for prim /World/UR10/ee_link:
[[-0.95225881  0.16554607 -0.25651053  0.        ]
 [ 0.17967552  0.98318919 -0.0324918   0.        ]
 [ 0.24681949 -0.07702927 -0.96599515  0.        ]
 [ 0.17612517 -0.08773641  0.88853699  1.        ]]
2025-04-01 05:00:15    Position difference: 0.7791, Orientation difference (rad): 3.0861
2025-04-01 05:00:15    Transform Matrix for prim /World/UR10/ee_link:
[[-0.95722781  0.15680207 -0.24316256  0.        ]
 [ 0.16812008  0.98541352 -0.02637882  0.        ]
 [ 0.23547942 -0.06613105 -0.9696268   0.        ]
 [ 0.18032151 -0.09088051  0.88674146  1.        ]]
2025-04-01 05:00:15    Position difference: 0.7775, Orientation difference (rad): 3.0948
2025-04-01 05:00:15    Transform Matrix for prim /World/UR10/ee_link:
[[-0.96173989  0.14824268 -0.23039205  0.        ]
 [ 0.15715197  0.98735731 -0.02070742  0.        ]
 [ 0.22440955 -0.05612172 -0.97287754  0.        ]
 [ 0.18442538 -0.09394911  0.88499314  1.        ]]
2025-04-01 05:00:15    Position difference: 0.7759, Orientation difference (rad): 3.1028
2025-04-01 05:00:15    Transform Matrix for prim /World/UR10/ee_link:
[[-0.96579412  0.13991485 -0.21832442  0.        ]
 [ 0.14677623  0.98904907 -0.01544933  0.        ]
 [ 0.21377197 -0.04696571 -0.97575395  0.        ]
 [ 0.18837571 -0.09691564  0.88332123  1.        ]]
2025-04-01 05:00:15    Position difference: 0.7745, Orientation difference (rad): 3.1101
2025-04-01 05:00:15    Transform Matrix for prim /World/UR10/ee_link:
[[-0.96941611  0.13184219 -0.20700252  0.        ]
 [ 0.13697209  0.99051837 -0.01058367  0.        ]
 [ 0.20364443 -0.03861354 -0.97828316  0.        ]
 [ 0.19215079 -0.09977193  0.88171792  1.        ]]
2025-04-01 05:00:15    Position difference: 0.7732, Orientation difference (rad): 3.1168
2025-04-01 05:00:15    Transform Matrix for prim /World/UR10/ee_link:
[[-0.97264309  0.12404659 -0.19641247  0.        ]
 [ 0.12772193  0.99179121 -0.00610722  0.        ]
 [ 0.19404259 -0.03102632 -0.98050234  0.        ]
 [ 0.19574052 -0.10251485  0.88017166  1.        ]]
2025-04-01 05:00:15    Position difference: 0.7719, Orientation difference (rad): 3.1229
2025-04-01 05:00:16    Transform Matrix for prim /World/UR10/ee_link:
[[-0.97551255  0.11654596 -0.18652697  0.        ]
 [ 0.1190073   0.99289134 -0.00201389  0.        ]
 [ 0.1849663  -0.02416265 -0.98244778  0.        ]
 [ 0.1991415  -0.10514186  0.87867475  1.        ]]
2025-04-01 05:00:16    Position difference: 0.7707, Orientation difference (rad): 3.1284
2025-04-01 05:00:16    Transform Matrix for prim /World/UR10/ee_link:
[[-0.97806216  0.10935639 -0.17730084  0.        ]
 [ 0.11081172  0.99383996  0.0017033   0.        ]
 [ 0.17639493 -0.01798108 -0.98415523  0.        ]
 [ 0.20234935 -0.10764871  0.87721914  1.        ]]
2025-04-01 05:00:16    Position difference: 0.7696, Orientation difference (rad): 3.1334
2025-04-01 05:00:16    Transform Matrix for prim /World/UR10/ee_link:
[[-0.98032573  0.10249173 -0.16869175  0.        ]
 [ 0.10311862  0.99465618  0.00506364  0.        ]
 [ 0.16830927 -0.01243124 -0.98565585  0.        ]
 [ 0.20535985 -0.11003182  0.87579805  1.        ]]
2025-04-01 05:00:16    Position difference: 0.7686, Orientation difference (rad): 3.1379
2025-04-01 05:00:16    Transform Matrix for prim /World/UR10/ee_link:
[[-0.98233452  0.09596158 -0.16065575  0.        ]
 [ 0.09591111  0.99535705  0.00808711  0.        ]
 [ 0.16068588 -0.00746442 -0.98697737  0.        ]
 [ 0.20816806 -0.11228538  0.87440658  1.        ]]
2025-04-01 05:00:16    Position difference: 0.7676, Orientation difference (rad): 3.1413
2025-04-01 05:00:16    Transform Matrix for prim /World/UR10/ee_link:
[[-0.9841167   0.08977246 -0.15315101  0.        ]
 [ 0.08917225  0.99595769  0.01079765  0.        ]
 [ 0.15350126 -0.00303067 -0.9881438   0.        ]
 [ 0.21077111 -0.11440547  0.87304121  1.        ]]
2025-04-01 05:00:16    Position difference: 0.7666, Orientation difference (rad): 3.1377
2025-04-01 05:00:16    Transform Matrix for prim /World/UR10/ee_link:
[[-9.85698293e-01  8.39230354e-02 -1.46136233e-01  0.00000000e+00]
 [ 8.28810361e-02  9.96471820e-01  1.32153676e-02  0.00000000e+00]
 [ 1.46729712e-01  9.14442829e-04 -9.89176200e-01  0.00000000e+00]
 [ 2.13168502e-01 -1.16388083e-01  8.71700525e-01  1.00000000e+00]]
2025-04-01 05:00:16    Position difference: 0.7656, Orientation difference (rad): 3.1345
2025-04-01 05:00:16    Transform Matrix for prim /World/UR10/ee_link:
[[-0.98710217  0.07841416 -0.13957267  0.        ]
 [ 0.0770211   0.99691109  0.01536297  0.        ]
 [ 0.14034622  0.00441478 -0.99009265  0.        ]
 [ 0.21536455 -0.11823267  0.87038457  1.        ]]
2025-04-01 05:00:16    Position difference: 0.7647, Orientation difference (rad): 3.1317
